Date,Open Interest,Noncommercial Long,Noncommercial Short,Noncommercial Spreads,Commercial Long,Commercial Short,Total Long,Total Short,Nonreportable Positions Long,Nonreportable Positions Short
1987-05-29 00:00:00,7.0,477.0,170.0,-305.0,47.0,181.0,219.0,46.0,-212.0,-39.0
1987-06-15 00:00:00,819.0,250.0,491.0,52.0,500.0,-55.0,802.0,488.0,17.0,331.0
1987-06-30 00:00:00,2130.0,-427.0,66.0,1038.0,1702.0,1124.0,2313.0,2228.0,-183.0,-98.0
1987-07-15 00:00:00,377.0,315.0,721.0,-82.0,221.0,205.0,454.0,844.0,-77.0,-467.0
1987-07-31 00:00:00,-346.0,9.0,-1246.0,-94.0,-753.0,496.0,-838.0,-844.0,492.0,498.0
1987-08-14 00:00:00,-1024.0,459.0,244.0,-1032.0,279.0,645.0,-294.0,-143.0,-730.0,-881.0
1987-08-31 00:00:00,-612.0,-297.0,-364.0,85.0,-488.0,-471.0,-700.0,-750.0,88.0,138.0
1987-09-15 00:00:00,671.0,600.0,-71.0,-166.0,260.0,1022.0,694.0,785.0,-23.0,-114.0
1987-09-30 00:00:00,738.0,350.0,-94.0,141.0,-714.0,104.0,-223.0,151.0,961.0,587.0
1987-10-15 00:00:00,142.0,-1000.0,24.0,585.0,659.0,-675.0,244.0,-66.0,-102.0,208.0
1987-10-30 00:00:00,-3204.0,-341.0,114.0,-1630.0,-450.0,-1115.0,-2421.0,-2631.0,-783.0,-573.0
1987-11-13 00:00:00,2760.0,893.0,-136.0,1582.0,138.0,1044.0,2613.0,2490.0,147.0,270.0
1987-11-30 00:00:00,1608.0,-159.0,7.0,-107.0,1898.0,1907.0,1632.0,1807.0,-24.0,-199.0
1987-12-15 00:00:00,-2981.0,-756.0,131.0,-805.0,-1438.0,-2279.0,-2999.0,-2953.0,18.0,-28.0
1987-12-31 00:00:00,-1047.0,305.0,-170.0,-304.0,-1016.0,-466.0,-1015.0,-940.0,-32.0,-107.0
1988-01-15 00:00:00,4752.0,677.0,339.0,1415.0,2949.0,3681.0,5041.0,5435.0,-289.0,-683.0
1988-01-29 00:00:00,5.0,-1313.0,-252.0,54.0,1118.0,-461.0,-141.0,-659.0,146.0,664.0
1988-02-12 00:00:00,2317.0,-101.0,613.0,121.0,2214.0,1359.0,2234.0,2093.0,83.0,224.0
1988-02-29 00:00:00,-2.0,0.0,43.0,-206.0,-322.0,-37.0,-528.0,-200.0,526.0,198.0
1988-03-15 00:00:00,-1168.0,491.0,-189.0,-11.0,-827.0,-262.0,-347.0,-462.0,-821.0,-706.0
1988-03-31 00:00:00,-251.0,631.0,-396.0,-1169.0,-125.0,773.0,-663.0,-792.0,412.0,541.0
1988-04-15 00:00:00,147.0,-964.0,578.0,1141.0,-339.0,-2097.0,-162.0,-378.0,309.0,525.0
1988-04-29 00:00:00,-918.0,104.0,-254.0,-295.0,-193.0,-266.0,-384.0,-815.0,-534.0,-103.0
1988-05-13 00:00:00,2783.0,-48.0,218.0,2844.0,186.0,620.0,2982.0,3682.0,-199.0,-899.0
1988-05-31 00:00:00,-1720.0,651.0,-235.0,-2345.0,-528.0,438.0,-2222.0,-2142.0,502.0,422.0
1988-06-15 00:00:00,747.0,-535.0,491.0,867.0,158.0,-867.0,490.0,491.0,257.0,256.0
1988-06-30 00:00:00,-3018.0,879.0,-866.0,-1210.0,-2503.0,-850.0,-2834.0,-2926.0,-184.0,-92.0
1988-07-15 00:00:00,4444.0,-617.0,1114.0,2768.0,2524.0,915.0,4675.0,4797.0,-231.0,-353.0
1988-07-29 00:00:00,-427.0,174.0,-1119.0,-127.0,-223.0,828.0,-176.0,-418.0,-251.0,-9.0
1988-08-15 00:00:00,700.0,32.0,1288.0,-623.0,850.0,-243.0,259.0,422.0,441.0,278.0
1988-08-31 00:00:00,3333.0,4066.0,-538.0,-282.0,-112.0,4392.0,3672.0,3572.0,-339.0,-239.0
1988-09-15 00:00:00,-3517.0,-3707.0,1289.0,-1704.0,2500.0,-2923.0,-2911.0,-3338.0,-606.0,-179.0
1988-09-30 00:00:00,2239.0,-141.0,-1991.0,1892.0,-484.0,1731.0,1267.0,1632.0,972.0,607.0
1988-10-14 00:00:00,220.0,-507.0,40.0,324.0,963.0,523.0,780.0,887.0,-560.0,-667.0
1988-10-31 00:00:00,443.0,259.0,3197.0,-2021.0,1965.0,-1042.0,203.0,134.0,240.0,309.0
1988-11-15 00:00:00,2115.0,873.0,-2075.0,2212.0,-1019.0,2086.0,2066.0,2223.0,49.0,-108.0
1988-11-30 00:00:00,-2564.0,-948.0,-1205.0,-519.0,-1283.0,-1203.0,-2750.0,-2927.0,186.0,363.0
1988-12-15 00:00:00,1628.0,-620.0,2238.0,-478.0,3168.0,455.0,2070.0,2215.0,-442.0,-587.0
1988-12-30 00:00:00,-5631.0,544.0,-1593.0,-1792.0,-4543.0,-2398.0,-5791.0,-5783.0,160.0,152.0
1989-01-13 00:00:00,1646.0,443.0,-167.0,817.0,72.0,335.0,1332.0,985.0,314.0,661.0
1989-01-31 00:00:00,1222.0,-1012.0,2699.0,416.0,1912.0,-1459.0,1316.0,1656.0,-94.0,-434.0
1989-02-15 00:00:00,549.0,634.0,-2627.0,-752.0,622.0,4387.0,504.0,1008.0,45.0,-459.0
1989-02-28 00:00:00,4325.0,4153.0,-672.0,-690.0,553.0,5035.0,4016.0,3673.0,309.0,652.0
1989-03-15 00:00:00,-1638.0,-4611.0,2622.0,-593.0,3878.0,-4128.0,-1326.0,-2099.0,-312.0,461.0
1989-03-31 00:00:00,32.0,147.0,-2483.0,529.0,-518.0,2857.0,158.0,903.0,-126.0,-871.0
1989-04-14 00:00:00,2441.0,-127.0,1402.0,-163.0,2719.0,701.0,2429.0,1940.0,12.0,501.0
1989-04-28 00:00:00,-734.0,-244.0,1906.0,-651.0,274.0,-1612.0,-621.0,-357.0,-113.0,-377.0
1989-05-15 00:00:00,-1373.0,176.0,-3310.0,-216.0,-1331.0,2071.0,-1371.0,-1455.0,-2.0,82.0
1989-05-31 00:00:00,-249.0,97.0,-27.0,-24.0,-632.0,-201.0,-559.0,-252.0,310.0,3.0
1989-06-15 00:00:00,-11569.0,-133.0,2582.0,64.0,-11185.0,-14058.0,-11254.0,-11412.0,-315.0,-157.0
1989-06-30 00:00:00,1528.0,652.0,-2544.0,1737.0,-1164.0,2206.0,1225.0,1399.0,303.0,129.0
1989-07-14 00:00:00,104.0,-346.0,-148.0,126.0,545.0,172.0,325.0,150.0,-221.0,-46.0
1989-07-31 00:00:00,17.0,353.0,0.0,13.0,-259.0,135.0,107.0,148.0,-90.0,-131.0
1989-08-15 00:00:00,180.0,398.0,228.0,-78.0,-317.0,-138.0,3.0,12.0,177.0,168.0
1989-08-31 00:00:00,360.0,663.0,172.0,-760.0,623.0,987.0,526.0,399.0,-166.0,-39.0
1989-09-15 00:00:00,-1621.0,32.0,-126.0,-153.0,-1488.0,-1069.0,-1609.0,-1348.0,-12.0,-273.0
1989-09-29 00:00:00,-336.0,-1490.0,1698.0,-546.0,1671.0,-1801.0,-365.0,-649.0,29.0,313.0
1989-10-13 00:00:00,555.0,-77.0,-1762.0,1519.0,-950.0,690.0,492.0,447.0,63.0,108.0
1989-10-31 00:00:00,960.0,100.0,-33.0,129.0,832.0,687.0,1061.0,783.0,-101.0,177.0
1989-11-15 00:00:00,-59.0,624.0,-177.0,-106.0,-732.0,455.0,-214.0,172.0,155.0,-231.0
1989-11-30 00:00:00,1003.0,-482.0,51.0,-201.0,1830.0,1329.0,1147.0,1179.0,-144.0,-176.0
1989-12-15 00:00:00,-1374.0,3.0,-1.0,0.0,-1345.0,-1401.0,-1342.0,-1402.0,-32.0,28.0
1989-12-29 00:00:00,-669.0,-526.0,1.0,4.0,-475.0,-914.0,-997.0,-909.0,328.0,240.0
1990-01-15 00:00:00,-630.0,80.0,1541.0,-1488.0,1081.0,-460.0,-327.0,-407.0,-303.0,-223.0
1990-01-31 00:00:00,-224.0,-99.0,960.0,-258.0,137.0,-883.0,-220.0,-181.0,-4.0,-43.0
1990-02-15 00:00:00,621.0,-25.0,967.0,-42.0,735.0,-240.0,668.0,685.0,-47.0,-64.0
1990-02-28 00:00:00,-869.0,2091.0,-2981.0,30.0,-3031.0,2113.0,-910.0,-838.0,41.0,-31.0
1990-03-15 00:00:00,-752.0,46.0,-107.0,16.0,-768.0,-841.0,-706.0,-932.0,-46.0,180.0
1990-03-30 00:00:00,-653.0,-1943.0,-234.0,-46.0,1327.0,-255.0,-662.0,-535.0,9.0,-118.0
1990-04-12 00:00:00,-163.0,-194.0,-137.0,0.0,-98.0,-95.0,-292.0,-232.0,129.0,69.0
1990-04-30 00:00:00,334.0,50.0,15.0,146.0,-48.0,-2.0,148.0,159.0,186.0,175.0
1990-05-15 00:00:00,637.0,-50.0,1984.0,-146.0,766.0,-1307.0,570.0,531.0,67.0,106.0
1990-06-15 00:00:00,418.0,50.0,559.0,0.0,754.0,32.0,804.0,591.0,-386.0,-173.0
1990-06-29 00:00:00,-978.0,985.0,-561.0,0.0,-2018.0,-229.0,-1033.0,-790.0,55.0,-188.0
1990-07-13 00:00:00,770.0,-421.0,938.0,0.0,1192.0,-178.0,771.0,760.0,-1.0,10.0
1990-07-31 00:00:00,-2412.0,-533.0,-2899.0,0.0,-1839.0,547.0,-2372.0,-2352.0,-40.0,-60.0
1990-08-15 00:00:00,937.0,222.0,1197.0,0.0,691.0,-382.0,913.0,815.0,24.0,122.0
1990-09-28 00:00:00,1899.0,2327.0,-1293.0,0.0,-820.0,2816.0,1507.0,1523.0,392.0,376.0
1990-10-15 00:00:00,-171.0,-220.0,119.0,0.0,-395.0,-1210.0,-615.0,-1091.0,444.0,920.0
1990-10-31 00:00:00,-1953.0,-2410.0,64.0,0.0,670.0,-1305.0,-1740.0,-1241.0,-213.0,-712.0
1990-12-14 00:00:00,-1047.0,147.0,-153.0,0.0,-527.0,-195.0,-380.0,-348.0,-667.0,-699.0
